00002183 // lw r3 DM[0] //3f
00000013
00000013
00000013
00000013
00000013
00000013
00000013
00000013
00000013
00000013
00402083 // lw r1 DM[1]      //5f 
00000013
00000013
00000013
00000013
00000013
00000013
00000013
00000013
00000013
00000013
40118133// sub r2 r1 r3
00000013
00000013
00000013   
00000013   
00000013
00000013
00000013
00000013
00000013  
00000013
00202623 // sw r2 DM[3]           
00000013
00000013
00000013
00000013
00000013 
00000013
00000013
00000013
00000013
00000013 